# callgrind format
version: 1
creator: callgrind-3.14.0
pid: 9653
cmd:  ./fff
part: 1


desc: I1 cache: 
desc: D1 cache: 
desc: LL cache: 

desc: Timerange: Basic block 0 - 29780
desc: Trigger: Program termination

positions: line
events: Ir
summary: 134122


ob=(4) /usr/lib/i386-linux-gnu/valgrind/vgpreload_core-x86-linux.so
fl=(62) ???
fn=(258) 0x00001140
0 1
cfn=(262) 0x00001145
calls=1 0 
0 2
0 18

fn=(262)
0 2

fn=(252) __x86.get_pc_thunk.bx
0 2

ob=(5) /home/penicillia02/ccc/fff
fl=(76) ???
fn=(326) __x86.get_pc_thunk.bx
0 4

fn=(334) 0x00001180
0 1
cfn=(338) 0x00001185
calls=1 0 
0 2
0 18

fn=(338)
0 2

fn=(302) _start
0 8
cfn=(303) _start'2
calls=1 0 
0 2
0 9
cob=(3) /usr/lib/i386-linux-gnu/libc-2.28.so
cfi=(79) /build/glibc-Stc26X/glibc-2.28/csu/../csu/libc-start.c
cfn=(316) (below main)
calls=1 141 
0 4338
cob=(1) /usr/lib/i386-linux-gnu/ld-2.28.so
cfi=(77) /build/glibc-Stc26X/glibc-2.28/elf/../sysdeps/i386/dl-trampoline.S
cfn=(310) _dl_runtime_resolve
calls=1 36 
0 976
0 5

fn=(303)
0 2

fn=(324) __libc_csu_init
0 5
cfn=(326)
calls=1 0 
0 2
0 4
cob=(2) ???
cfi=(18) ???
cfn=(328) 0x00109000
calls=1 0 
0 12
0 11
cfn=(334)
calls=1 0 
0 21
0 10

fn=(348) 0x000011b0
0 2

fl=(82) /home/penicillia02/ccc/fffile.c
fn=(346) main
4 4
cfi=(76)
cfn=(348)
calls=1 -4 
* 2
* 1
+2 1
+3 3
+1 1
-1 2455
+1 818
-1 818

ob=(1)
fl=(1) ???
fn=(34) 0x0001c4ff
0 8

fn=(4) 0x0001c4fb
0 240

fn=(38) 0x0001c503
0 28

fn=(0) 0x000010b0
0 4
cfi=(2) /build/glibc-Stc26X/glibc-2.28/elf/rtld.c
cfn=(2) _dl_start
calls=1 445 
0 124956
0 3
cfn=(242) 0x000010a0
calls=1 0 
0 2
0 19
cfi=(61) /build/glibc-Stc26X/glibc-2.28/elf/dl-init.c
cfn=(246) _dl_init
calls=1 79 
0 3797
0 3
cob=(5)
cfi=(76)
cfn=(302)
calls=1 0 
0 5338

fn=(20) 0x0001c4ef
0 240

fn=(28) 0x0001c4f3
0 42

fn=(16) 0x0001c507
0 250

fn=(242)
0 2

fl=(10) /build/glibc-Stc26X/glibc-2.28/elf/../sysdeps/unix/sysv/linux/dl-sysdep.c
fn=(74) _dl_discover_osversion
46 5
cfi=(17) /build/glibc-Stc26X/glibc-2.28/string/../sysdeps/i386/i686/memcmp.S
cfn=(50) 0x0001c4f7
calls=1 +34 
* 2
* 2
+2 5
+85 6
-45 4
cfi=(23) /build/glibc-Stc26X/glibc-2.28/posix/../sysdeps/unix/syscall-template.S
cfn=(76) uname
calls=1 -10 
* 8
* 1
+15 1
-15 2
+20 1
-1 1
+3 12
+4 3
-2 6
+2 9
+2 1
+1 2
-3 4
+7 3
-1 3
+4 3
-2 3
+2 10
+5 2

fl=(17)
fn=(50)
80 138

fn=(170) bcmp
46 1
+2 1
+1 1
+1 1
+2 1
+1 1
+18 1
+2 1
+2 1
+2 1
+1 2
cfn=(50)
calls=1 +2 
* 2
* 2
+3 1
+1 1
+1 1
+14 1
+1 1
+1 1
+1 1
+2 1
+1 1
+1 1
+1 1
+2 1
+1 1
+1 1
+1 1
+2 1
+1 1
+1 1
+1 1
+2 1
+1 1
+1 1
+1 1
+2 1
+3 1
+1 2

fl=(24) /build/glibc-Stc26X/glibc-2.28/elf/dl-load.c
fn=(162) open_path
2009 6
cfi=(17)
cfn=(50)
calls=1 80 
* 2
* 2
+1 3
+6 3
+5 5
-7 1
+7 1
-8 1
+8 8
1432 3
2033 10
+7 4
+1 2
-1 6
cfi=(27) /build/glibc-Stc26X/glibc-2.28/string/../sysdeps/i386/i686/mempcpy.S
cfn=(84) mempcpy
calls=2 40 
* 34
-12 2
+12 4
+47 10
+8 4
-54 4
+46 16
+8 32
-54 32
+3 32
+4 112
cfi=(27)
cfn=(84)
calls=16 40 
* 260
* 80
cfi=(27)
cfn=(84)
calls=16 40 
* 272
+3 16
+3 16
-3 16
+3 48
+3 128
cfn=(132) open_verify.constprop.10
calls=16 1658 
* 1024
+2 16
-2 16
+2 48
+2 16
+65 16
+7 4
-2 4
+2 6
+3 3
+14 1
-27 1
+27 6
-65 32
+2 16
-46 16
+25 24
+1 40
+6 16
+2 8
-2 32
+2 40
cfi=(47) /build/glibc-Stc26X/glibc-2.28/io/../sysdeps/unix/sysv/linux/xstat64.c
cfn=(164) __xstat64
calls=8 35 
* 125
* 8
+3 8
-3 16
+1 1
+2 1
-2 1
+2 8
-37 2
+37 7
-37 14

fn=(78) _dl_init_paths
681 4
cfi=(1)
cfn=(4)
calls=1 0 
* 2
* 4
+13 1
+5 1
-5 6
cfi=(25) /build/glibc-Stc26X/glibc-2.28/elf/dl-hwcaps.c
cfn=(80) _dl_important_hwcaps
calls=1 42 
* 811
+5 1
-5 1
+5 1
cfi=(19) /build/glibc-Stc26X/glibc-2.28/elf/dl-minimal.c
cfn=(58) malloc
calls=1 49 
* 29
* 1
+1 1
-2 1
+2 2
+8 2
-1 1
+4 1
-3 1
-1 2
+4 6
cfi=(19)
cfn=(58)
calls=1 49 
* 29
* 1
* 1
+2 3
-2 1
+2 1
+29 1
-14 1
+5 1
-14 1
+23 2
-14 1
+2 1
+3 2
-13 1
+11 1
+3 1
+8 1
-12 2
+8 2
-3 1
+4 16
+1 4
-1 12
+1 28
-1 84
+3 17
-14 3
+14 3
-14 3
+3 3
-3 3
+2 3
+3 3
-3 3
+4 3
+4 3
-4 3
+1 3
+3 3
-3 6
+7 1
+11 1
-5 1
+1 2
+5 2
+2 4
+2 3
+38 6
-21 1
+2 3
+21 4
cfi=(13) /build/glibc-Stc26X/glibc-2.28/string/../sysdeps/i386/i586/strlen.S
cfn=(40) strlen
calls=1 43 
* 58
* 12
cfi=(20) /build/glibc-Stc26X/glibc-2.28/string/../sysdeps/i386/i686/memcpy.S
cfn=(60) memcpy
calls=1 40 
* 32
+5 1
-5 2
+5 3
-1 2
+2 68
+1 2
-1 1
-1 69
+5 4
cfi=(19)
cfn=(58)
calls=1 49 
* 29
* 1
+1 1
-2 1
+2 2
+6 9
cfn=(86) fillin_rpath
calls=1 447 
* 1456
+3 5
+6 1
+4 6
-37 2

fn=(138) _dl_map_object_from_fd
866 10
cfi=(1)
cfn=(16)
calls=2 0 
* 4
* 16
+10 6
cfi=(30) /build/glibc-Stc26X/glibc-2.28/elf/dl-debug.c
cfn=(102) _dl_debug_initialize
calls=2 49 
* 32
fi=(38) /build/glibc-Stc26X/glibc-2.28/elf/../sysdeps/posix/dl-fileid.h
37 2
fe=(24)
876 2
fi=(38)
37 10
cfi=(39) /build/glibc-Stc26X/glibc-2.28/io/../sysdeps/unix/sysv/linux/fxstat64.c
cfn=(142) __fxstat64
calls=2 -2 
* 26
* 6
+3 8
+1 8
fe=(24)
892 39
+1 10
fi=(38)
49 36
fe=(24)
1406 14
910 6
+24 8
+10 6
+22 8
+32 4
877 2
1001 16
cfi=(16) /build/glibc-Stc26X/glibc-2.28/elf/dl-object.c
cfn=(48) _dl_new_object
calls=2 59 
* 1210
+1 2
-1 2
+1 4
+11 2
+5 4
-5 2
+5 2
-5 2
+1 6
+1 4
+2 2
-2 2
+2 2
+1 6
+1 4
+19 2
-2 2
+2 16
+8 10
+85 2
-91 2
+91 2
+12 2
1039 2
-5 2
1143 6
-96 30
-1 126
+1 119
+6 6
+5 4
+1 8
+11 56
+5 64
+8 8
+1 8
-1 48
+1 24
+1 16
+2 8
-2 24
+2 8
-2 8
+3 8
+4 8
-7 8
+3 8
+4 8
+1 36
+5 6
-1 6
+1 6
-1 6
+1 36
-15 12
+25 6
-10 2
-1 2
+1 2
-1 2
+1 12
-15 4
+25 2
-44 2
+1 1
+46 3
+4 1
+1 2
+1 1
+3 5
+1 1
+3 1
-3 1
+7 4
+6 1
cfi=(31) /build/glibc-Stc26X/glibc-2.28/elf/dl-tls.c
cfn=(178) _dl_next_tls_modid
calls=1 51 
* 20
* 1
+1 1
+19 4
+1 4
+1 2
-6 4
+1 2
+16 6
1014 4
1176 4
+10 4
fi=(41) /build/glibc-Stc26X/glibc-2.28/elf/./dl-map-segments.h
56 2
fe=(24)
1186 8
fi=(41)
56 2
fe=(24)
1186 2
fi=(41)
56 2
fe=(24)
1186 2
fi=(41)
56 2
-6 2
+6 8
-6 4
+6 4
cfi=(40) /build/glibc-Stc26X/glibc-2.28/misc/../sysdeps/unix/sysv/linux/mmap.c
cfn=(144) mmap
calls=2 -21 
* 60
+4 2
-4 2
+4 4
+3 4
+1 2
+2 2
-3 2
+1 2
+2 2
+7 13
cfi=(50) /build/glibc-Stc26X/glibc-2.28/misc/../sysdeps/unix/syscall-template.S
cfn=(180) mprotect
calls=1 +5 
* 10
* 3
+7 4
fi=(42) /build/glibc-Stc26X/glibc-2.28/elf/./dl-load.h
+10 16
+1 6
+2 24
fi=(41)
+11 32
+6 2
+1 2
-1 2
+2 2
-1 2
+1 4
+1 2
-1 4
+1 2
-1 2
+3 8
+5 4
+17 6
+12 8
-59 48
+2 36
+2 60
cfi=(40)
cfn=(144)
calls=6 -59 
* 180
* 18
fe=(24)
1198 8
+9 6
fi=(3) /build/glibc-Stc26X/glibc-2.28/elf/get-dynamic-info.h
42 4
+6 2
-2 2
+2 4
+16 32
+10 8
-26 24
+16 35
+10 35
-26 105
+26 2
-26 6
+2 90
+13 40
+2 8
+3 8
+3 8
+2 6
+8 4
+20 7
+1 8
+1 8
+1 8
+2 6
+3 8
+2 8
+1 7
+1 8
+5 6
+7 6
+5 6
+4 6
+1 6
+14 6
+5 2
+2 2
+2 2
+2 2
+3 6
+2 1
+8 1
-8 1
+8 2
+5 2
+3 6
fe=(24)
1214 4
+15 6
+19 4
+2 12
+48 6
+1 2
+3 3
cfi=(44) /build/glibc-Stc26X/glibc-2.28/io/../sysdeps/unix/sysv/linux/close_nocancel.c
cfn=(154) __GI___close_nocancel
calls=1 26 
* 12
* 3
cfi=(44)
cfn=(154)
calls=1 26 
* 12
* 6
+9 4
+2 4
+2 2
-2 4
+2 4
+16 6
cfi=(6) /build/glibc-Stc26X/glibc-2.28/elf/dl-lookup.c
cfn=(12) _dl_setup_hash
calls=2 937 
* 74
+4 6
+1 6
+17 4
+1 2
+3 1
+5 1
-5 7
+5 2
-5 1
+5 1
-5 7
+5 2
+10 8
+10 8
cfi=(16)
cfn=(62) _dl_add_to_namespace_list
calls=2 31 
* 110
+4 10
fi=(41)
123 4
+8 16
cfi=(43) /build/glibc-Stc26X/glibc-2.28/string/../sysdeps/i386/i686/memset.S
cfn=(150) memset
calls=2 -86 
* 106
* 4
fi=(38)
-82 2
fi=(42)
+45 5
+1 5
+1 4
-1 2
+3 4
fi=(41)
+43 11
cfi=(40)
cfn=(144)
calls=1 35 
* 30
+3 3
fe=(24)

fn=(86)
447 5
cfi=(17)
cfn=(50)
calls=1 80 
* 2
* 6
+2 3
+2 4
cfi=(19)
cfn=(88) strsep
calls=1 262 
* 76
* 8
cfi=(19)
cfn=(88)
calls=2 262 
* 323
* 12
+7 4
+2 6
cfn=(90) expand_dynamic_string_token
calls=2 -82 
* 503
* 2
+4 4
+5 6
cfi=(13)
cfn=(40)
calls=2 43 
* 73
* 2
+1 4
+7 14
+4 2
+5 39
+1 18
+55 10
+2 6
cob=(2)
cfi=(18)
cfn=(98) 0x04001080
calls=2 0 
* 30
* 4
-39 6
+4 22
cfi=(19)
cfn=(58)
calls=2 49 
* 58
* 2
+2 8
-2 2
+2 4
+5 2
+1 2
-2 2
+2 8
cfi=(27)
cfn=(84)
calls=2 40 
* 34
+3 6
-3 2
+1 2
+2 2
+6 6
+1 2
-1 2
+1 6
+1 2
-1 6
+1 14
-1 42
+3 2
+1 2
-1 2
+1 4
+7 2
+1 2
-1 2
+1 2
-62 3
+5 8
+23 4
+43 3
+3 6
-15 4
-24 2

fn=(128) _dl_map_object
2157 6
cfi=(1)
cfn=(34)
calls=3 0 
* 6
* 21
+8 6
+1 6
+3 39
+5 49
+2 28
cfi=(35) /build/glibc-Stc26X/glibc-2.28/elf/dl-misc.c
cfn=(130) _dl_name_match_p
calls=7 282 
* 511
* 21
+4 12
+1 18
+3 2
+2 2
-1 4
+1 6
cfi=(21) /build/glibc-Stc26X/glibc-2.28/string/../sysdeps/i386/i686/strcmp.S
cfn=(68) strcmp
calls=2 30 
* 25
* 6
2468 7
2202 12
+10 2
-53 2
+53 4
+34 2
+2 8
cfi=(28) /build/glibc-Stc26X/glibc-2.28/string/../sysdeps/i386/i586/strchr.S
cfn=(94) index
calls=2 45 
* 138
* 6
2399 3
-1 3
cfn=(90)
calls=1 378 
* 634
-1 1
+3 3
+4 8
cfn=(132)
calls=1 1658 
* 298
+3 3
+12 5
+46 1
+1 3
-1 1
+1 10
cfn=(138)
calls=1 866 
* 2084
-1 1
+1 3
-1 1
+1 10
cfn=(138)
calls=1 866 
* 2051
* 2
+2 2
-2 2
+2 12
2252 3
cfi=(13)
cfn=(40)
calls=1 43 
* 48
* 3
+2 2
+7 7
+36 15
cfn=(162)
calls=1 2009 
* 2751
+6 6
+1 3
659 4
2391 2
+28 5
+2 4
2312 1
+14 2
+2 3
+4 3
cfi=(48) /build/glibc-Stc26X/glibc-2.28/elf/dl-cache.c
cfn=(166) _dl_load_cache_lookup
calls=1 195 
* 1951
* 1
+2 3
+4 3
+8 4
+23 10
cfn=(132)
calls=1 1658 
* 325
+4 3
+1 2
2265 1
+1 2
-1 4
+5 2
+3 3
-3 3
659 1
2271 1
659 2
2271 3
+14 2
+1 9
+1 2
659 3
2296 2
+1 3

fn=(92) _dl_dst_count
231 20
cfi=(1)
cfn=(16)
calls=5 0 
* 10
* 10
+7 5
-7 5
+3 15
cfi=(28)
cfn=(94)
calls=5 45 
* 695
* 5
+3 10
+20 35

fn=(90)
378 21
cfi=(17)
cfn=(50)
calls=3 80 
* 6
* 6
+10 6
cfn=(92)
calls=3 231 
* 566
* 3
+3 6
+1 9
cfi=(29) /build/glibc-Stc26X/glibc-2.28/string/strdup.c
cfn=(96) strdup
calls=3 40 
* 493
* 3
+11 18

fn=(132)
1658 90
cfi=(1)
cfn=(16)
calls=18 0 
* 36
* 126
+39 72
+31 72
cfi=(36) /build/glibc-Stc26X/glibc-2.28/io/../sysdeps/unix/sysv/linux/open64_nocancel.c
cfn=(134) __open64_nocancel
calls=18 34 
* 532
+2 18
-2 18
+2 36
+11 2
+1 2
+5 2
-6 2
+1 4
+1 2
-1 2
+5 16
cfi=(37) /build/glibc-Stc26X/glibc-2.28/io/../sysdeps/unix/sysv/linux/read_nocancel.c
cfn=(136) __read_nocancel
calls=2 25 
* 32
+2 6
+2 4
+2 4
+6 4
+16 13
-65 16
1995 112
1775 44
+74 4
+5 6
+2 8
+6 4
+11 6
+6 2
+1 2
-1 4
+1 6
+1 4
+21 2
1735 2
1902 102
+2 48
+13 6
+3 10
+28 32
+3 2
-4 2
+4 4
+5 1
+1 1
-12 36
+15 2
+6 4
+1 1
-2 1
+2 1
-4 1
+1 4
-1 1
+4 2
1775 5
1991 8
cob=(2)
cfi=(18)
cfn=(98)
calls=2 0 
* 30
+4 2
-4 2
+4 16
-74 6

fl=(30)
fn=(106) _dl_debug_state
74 2

fn=(102)
49 4
cfi=(1)
cfn=(38)
calls=4 -49 
* 8
* 4
-3 12
+3 8
+5 6
+5 1
-1 1
+1 2
+1 2
+4 8
-14 4
+4 8
+3 1
+1 2

fl=(35)
fn=(130)
282 165
+1 99
cfi=(21)
cfn=(68)
calls=33 30 
* 304
* 33
+1 33
-1 66
+3 33
+2 66
+4 34
-4 68
+1 148
cfi=(21)
cfn=(68)
calls=37 30 
* 640
* 111
-5 3
+11 45
-1 30
+1 120

fn=(168) _dl_sysdep_read_whole_file
44 4
+3 3
cfi=(36)
cfn=(134)
calls=1 -13 
* 26
+1 3
+2 7
cfi=(39)
cfn=(142)
calls=1 -15 
* 13
* 3
+2 3
+3 2
+13 3
cfi=(44)
cfn=(154)
calls=1 -42 
* 12
* 1
+3 5
-14 8
cfi=(40)
cfn=(144)
calls=1 -22 
* 30
* 3

fl=(52) /build/glibc-Stc26X/glibc-2.28/malloc/scratch_buffer_set_array_size.c
fn=(184) __libc_scratch_buffer_set_array_size
30 10
cfi=(17)
cfn=(50)
calls=2 +50 
* 4
* 10
+4 2
-3 2
+3 2
-3 2
+4 4
+11 2
-1 4
+18 12

fl=(19)
fn=(58)
49 120
cfi=(17)
cfn=(50)
calls=24 +31 
* 48
* 24
+1 95
+11 46
+3 23
-3 23
+3 46
-3 2
+3 1
-3 1
+3 94
+18 24
+3 24
-2 24
+2 96
-16 4
+1 2
+3 1
-1 1
+1 7
cfi=(40)
cfn=(144)
calls=1 -38 
* 30
+2 3
+2 3
+2 4
-23 3
+1 2
-2 2

fn=(88)
262 3
cfi=(1)
cfn=(20)
calls=3 0 
* 6
* 21
+3 12
+2 6
+1 6
+4 61
+7 128
-2 66
+6 2
+7 2
+4 6
-4 2
+4 12
-7 16
-15 50

fn=(100) free
109 12
cfi=(17)
cfn=(50)
calls=4 -29 
* 8
* 8
+2 12
+7 16

fn=(54) calloc
92 40
cfi=(17)
cfn=(50)
calls=8 -12 
* 16
* 16
+7 8
-3 8
+3 8
-3 8
+4 16
+3 24
cfn=(58)
calls=8 -54 
* 289
* 8
* 8
+1 32

fl=(20)
fn=(60)
40 15
+1 15
+1 15
+1 15
+2 15
+1 15
+1 15
+1 15
+1 15
+1 15
+2 10
+1 10
+2 9
+1 9
+11 9
+1 9
+1 9
+1 9
+1 60
+2 9
+1 15
+2 9
+2 9
+1 9
+1 9
+2 9
-4 6
+1 6
+1 6
+2 6
+6 6
+1 6
+1 3
+1 3
+1 3
-1 3
+1 3
+1 4
+1 33
+2 6

fl=(61)
fn=(246)
79 5
cfi=(17)
cfn=(50)
calls=1 +1 
* 2
* 5
+1 2
+1 2
+3 3
+8 3
+25 1
+1 6
+1 8
-89 14
+88 12
cfn=(248) call_init.part.0
calls=3 -90 
* 3613
* 9
+7 6
-95 7
cfn=(248)
calls=1 -2 
* 96
* 1
+57 2

fn=(248)
28 12
cfi=(1)
cfn=(4)
calls=4 -28 
* 8
* 24
+8 4
+3 4
-3 12
+3 15
+5 9
+5 4
+9 14
cob=(3)
cfi=(63) /build/glibc-Stc26X/glibc-2.28/csu/../csu/init-first.c
cfn=(268) _init
calls=1 -6 
* 259
cob=(2)
cfi=(18)
cfn=(250) 0x0482d000
calls=1 -58 
* 12
* 4
+4 4
+6 2
+2 4
-2 2
+3 16
+1 10
cob=(3)
cfi=(72) /build/glibc-Stc26X/glibc-2.28/libio/vtables.c
cfn=(288) check_stdfiles_vtables
calls=1 +12 
* 15
cob=(4)
cfi=(62)
cfn=(258)
calls=1 -72 
* 21
* 10
cob=(3)
cfi=(74) /build/glibc-Stc26X/glibc-2.28/string/../sysdeps/x86/cacheinfo.c
cfn=(292) init_cacheinfo
calls=1 488 
* 3190
cob=(3)
cfi=(73) /build/glibc-Stc26X/glibc-2.28/libio/oldstdfiles.c
cfn=(290) _IO_check_libio
calls=1 +6 
* 8
* 4
-1 12
+3 24
-29 3
-5 3

fl=(2)
fn=(64) rtld_lock_default_lock_recursive
784 3
+1 3
+1 3

fn=(196) init_tls
682 2
cfi=(1)
cfn=(4)
calls=1 0 
* 2
* 4
+2 1
+4 1
-4 1
+4 2
+10 6
cfi=(19)
cfn=(54)
calls=1 92 
* 53
* 1
-4 1
+15 1
-12 1
+6 1
-9 1
+11 1
+4 3
+2 3
-1 1
+3 12
+4 1
+2 2
-7 1
-1 2
+1 3
-1 6
+10 2
+3 1
cfi=(31)
cfn=(198) _dl_determine_tlsoffset
calls=1 141 
* 86
+7 1
cfi=(31)
cfn=(200) _dl_allocate_tls_storage
calls=1 332 
* 457
* 1
+1 2
+6 1
+3 1
-3 1
+3 5
fi=(83) /build/glibc-Stc26X/glibc-2.28/elf/../sysdeps/i386/nptl/tls.h
171 1
+2 1
+2 1
+8 1
fe=(2)
741 6
+3 1
+3 6

fn=(2)
445 4
cfi=(1)
cfn=(4)
calls=1 0 
* 2
* 4
+19 2
fi=(3)
48 2
fe=(2)
464 1
fi=(5) /build/glibc-Stc26X/glibc-2.28/elf/../sysdeps/i386/dl-machine.h
58 3
fe=(2)
490 1
-3 1
fi=(3)
48 2
+16 16
+10 4
-26 12
+16 13
+10 13
-26 39
+26 1
-26 3
+2 36
+13 20
+2 4
+16 2
+20 4
+1 4
+1 4
+1 4
+5 4
+2 4
+1 4
+1 4
+5 3
+3 2
+13 3
+1 3
+4 3
+3 3
+4 3
+1 3
fe=(2)
501 2
394 2
508 1
394 2
cfi=(6)
cfn=(12)
calls=1 937 
* 37
+2 1
-1 1
+1 1
+1 2
+1 2
+8 2
+9 1
-9 1
+9 4
-6 1
+6 1
cfi=(7) /build/glibc-Stc26X/glibc-2.28/elf/../elf/dl-sysdep.c
cfn=(14) _dl_sysdep_start
calls=1 88 
* 123914
* 1
+9 1
+3 2
+4 1
-4 2
+4 2
533 7
fi=(3)
68 4
fe=(2)
506 32
fi=(4) /build/glibc-Stc26X/glibc-2.28/elf/do-rel.h
84 1
-1 2
+28 2
+1 2
fi=(5)
648 4
fi=(4)
112 80
fi=(5)
648 80
fi=(4)
111 41
fi=(5)
649 41
fi=(4)
111 83
+5 3
fi=(5)
418 1
fi=(4)
124 1
fi=(5)
418 1
fi=(4)
124 6
+12 1
+3 1
fi=(5)
332 1
fi=(4)
139 1
-3 1
fi=(5)
302 1
fi=(4)
136 1
fi=(5)
302 1
fi=(4)
137 1
fi=(5)
332 2
fi=(4)
136 8
+3 8
fi=(5)
332 8
fi=(4)
139 8
-3 8
fi=(5)
302 8
fi=(4)
136 8
fi=(5)
302 8
fi=(4)
137 8
fi=(5)
332 115
+3 18
+21 63
fi=(3)
71 4
+2 3
fi=(4)
+51 28
fi=(5)
366 18
+1 9
fe=(2)

fn=(108) handle_ld_preload
838 5
cfi=(17)
cfn=(50)
calls=1 80 
* 2
* 2
+1 1
-1 1
+5 1
+3 2
-3 2
+3 4
cfi=(32) /build/glibc-Stc26X/glibc-2.28/string/../sysdeps/i386/strcspn.S
cfn=(110) strcspn
calls=1 33 
* 281
* 2
+1 3
+9 1
+4 1
-2 2
+2 1
cfn=(112) dso_name_valid_for_suid
calls=1 123 
* 16
* 2
+1 4
cfn=(114) do_preload
calls=1 751 
* 3480
* 1
-18 2
+21 7
-15 6
cfi=(20)
cfn=(60)
calls=1 40 
* 35
+1 4

fn=(112)
123 1
cfi=(1)
cfn=(28)
calls=1 0 
* 2
* 1
-1 3
+1 3
+8 2
+1 4

fn=(44) dl_main
871 4
cfi=(1)
cfn=(4)
calls=1 0 
* 2
* 4
+17 1
2480 2
888 1
+4 2
+1 2
+5 2
2473 2
+7 3
-4 1
+4 1
-5 1
+5 1
+2 2
2634 2
2511 1
2634 1
2511 1
-29 3
cfi=(15) /build/glibc-Stc26X/glibc-2.28/elf/dl-environ.c
cfn=(46) _dl_next_ld_env_entry
calls=1 28 
* 45
* 6
cfi=(15)
cfn=(46)
calls=2 28 
* 244
* 12
+4 6
-2 2
+2 42
+1 19
-1 57
+3 4
+6 15
2644 4
+32 4
908 5
2571 4
+1 2
-56 2
+7 2
1109 11
cfi=(16)
cfn=(48)
calls=1 59 
* 255
+2 1
-2 1
+2 2
+1 2
+6 1
-6 1
+1 2
+1 3
+4 3
cfi=(16)
cfn=(62)
calls=1 31 
* 47
+1 4
880 1
1148 1
-8 1
+8 2
-8 1
+1 1
+2 1
+2 1
+3 3
+56 1
877 1
1204 1
-34 2
+34 4
-55 36
-1 33
+1 55
1257 6
+3 2
+2 2
+2 4
+13 4
+3 2
-2 2
+2 1
-2 4
cfi=(21)
cfn=(68)
calls=1 30 
* 9
* 3
+5 1
+5 1
-5 1
+2 1
+3 1
-2 1
+2 2
+1 3
+4 3
+2 3
fi=(3)
33 2
+9 2
+4 1
+2 1
+15 1
-15 2
+16 20
+10 5
-26 15
+16 19
+10 19
-26 57
+26 1
-26 3
+2 50
+13 24
+2 4
+16 4
+20 4
+1 5
+1 5
+1 5
+2 4
+3 5
+2 5
+1 5
+1 5
+5 4
+7 3
+5 4
+4 4
+1 3
+14 4
+14 4
+2 1
+8 1
-8 1
+8 2
+5 2
+3 4
fe=(2)
1300 3
cfi=(6)
cfn=(12)
calls=1 937 
* 37
* 1
+3 2
fi=(22) /build/glibc-Stc26X/glibc-2.28/elf/setup-vdso.h
24 4
fe=(2)
1153 3
+1 1
+90 2
+1 2
+1 1
-6 3
+1 1
-38 4
+1 4
-1 4
+1 8
-1 4
+2 8
+1 1
+3 2
+1 2
-1 6
+1 6
+1 4
+1 10
+1 2
-46 1
+3 1
-2 2
-1 1
+3 1
+7 3
+18 2
-37 3
+1 1
1319 5
+6 1
cfi=(10)
cfn=(74)
calls=1 46 
* 99
* 10
fi=(3)
68 4
+3 4
+2 3
fe=(2)
1330 4
cfi=(24)
cfn=(78)
calls=1 681 
* 2935
+3 5
cfi=(30)
cfn=(102)
calls=1 49 
* 23
+7 1
-7 1
+2 1
+5 3
+4 1
+1 1
-1 1
+3 1
-3 3
+1 2
+3 2
+5 1
-7 1
+7 1
+1 6
+17 3
+1 3
+2 3
+3 1
-1 1
+1 1
+5 4
+1 5
-1 2
-39 5
+42 3
+1 2
+5 4
+6 7
-1 1
+2 2
1577 1
cfi=(31)
cfn=(104) _dl_count_modids
calls=1 113 
* 8
* 1
+8 4
+3 2
+4 4
+5 2
+1 1
cfi=(30)
cfn=(106)
calls=1 74 
* 1
+5 4
+15 4
+4 1
-2 1
+2 3
+16 6
cfi=(45) /build/glibc-Stc26X/glibc-2.28/io/../sysdeps/unix/sysv/linux/access.c
cfn=(156) access
calls=1 27 
* 16
* 3
+77 4
+17 2
+1 2
-1 1
+1 10
cfi=(46) /build/glibc-Stc26X/glibc-2.28/elf/dl-deps.c
cfn=(158) _dl_map_object_deps
calls=1 159 
* 9985
+1 1
+2 5
+3 4
+1 5
-1 2
+1 9
-1 6
+4 4
+1 3
+1 1
+2 2
+1 5
-1 2
+1 7
-1 6
+47 2
+2 1
-2 2
+2 1
-2 1
+1 2
+1 8
cfi=(33) /build/glibc-Stc26X/glibc-2.28/elf/dl-error-skeleton.c
cfn=(188) _dl_receive_error
calls=1 226 
* 3291
+10 1
+1 1
-1 1
+1 3
+3 2
800 2
fi=(84) /build/glibc-Stc26X/glibc-2.28/elf/../sysdeps/unix/sysv/linux/dl-osinfo.h
64 2
fe=(2)
802 1
fi=(84)
77 1
fe=(2)
811 1
+2 1
+5 1
1815 3
2045 2
+1 1
-1 2
2523 4
+2 3
+1 1
+53 1
1760 3
+1 3
+2 1
+2 3
-2 1
+4 1
-4 1
+5 1
-1 2
+14 2
+1 1
+1 1
-1 1
+1 3
2152 3
-51 1
+4 1
-4 1
+4 2
+6 1
-6 2
+6 1
+3 2
+56 5
+7 1
-7 1
+9 2
+1 4
+19 3
-18 15
+2 12
+5 8
+2 8
+6 4
+2 8
+1 33
cfi=(55) /build/glibc-Stc26X/glibc-2.28/elf/dl-reloc.c
cfn=(204) _dl_relocate_object
calls=3 158 
* 74190
* 3
+4 15
+1 3
cfi=(31)
cfn=(230) _dl_add_to_slotinfo
calls=1 887 
* 28
* 2
-12 1
+1 1
-3 2
2572 4
+2 2
+1 3
2206 1
+2 5
+6 1
-6 1
+6 2
+5 6
+2 2
+7 4
cfi=(31)
cfn=(232) _dl_allocate_tls_init
calls=1 437 
* 158
+3 4
+9 4
+2 5
+15 1
+2 1
-2 1
+3 1
-3 1
+2 1
+1 5
cfi=(55)
cfn=(204)
calls=1 158 
* 7421
+1 1
+2 5
+8 1
cfi=(7)
cfn=(234) _dl_sysdep_start_cleanup
calls=1 260 
* 1
+4 4
+20 4
cfi=(30)
cfn=(102)
calls=1 49 
* 16
+1 1
+1 1
cfi=(30)
cfn=(106)
calls=1 74 
* 1
+5 1
cfi=(48)
cfn=(236) _dl_unload_cache
calls=1 327 
* 28
+5 6
1758 2
+50 1
cfn=(196)
calls=1 682 
* 688
* 2
-89 1
+1 1
-1 4
+4 2
+1 1
+1 2
+1 4
1624 1
+1 1
-1 1
+1 1
-1 1
+1 4
cfn=(108)
calls=1 838 
* 3868
* 1
+1 1
+2 6

fn=(114)
751 7
cfi=(17)
cfn=(50)
calls=1 80 
* 2
* 2
+6 1
+6 1
-10 1
+5 1
+1 1
+2 1
+2 10
cfi=(33)
cfn=(118) _dl_catch_error
calls=1 213 
* 3439
* 1
+1 4
+8 3
+6 6

fn=(126) map_doit
589 3
+2 1
+1 1
-1 1
+1 1
-1 1
+1 1
-1 1
+1 4
cfi=(24)
cfn=(128)
calls=1 2157 
* 3347
* 1
+2 3

fn=(190) version_check_doit
623 1
cfi=(1)
cfn=(20)
calls=1 0 
* 2
* 1
-1 3
+2 4
cfi=(54) /build/glibc-Stc26X/glibc-2.28/elf/dl-version.c
cfn=(192) _dl_check_all_versions
calls=1 362 
* 3252
* 3
+4 3

fn=(66) rtld_lock_default_unlock_recursive
790 3
+1 3
+1 3

fl=(23)
fn=(76)
78 7
+1 1

fl=(8) /build/glibc-Stc26X/glibc-2.28/elf/dl-tunables.c
fn=(36) __tunable_get_val
370 6
cfi=(1)
cfn=(38)
calls=6 0 
* 12
* 48
+3 38
+19 8
+7 24
+2 30
-24 8
+1 2

fn=(18) __GI___tunables_init
293 1
cfi=(1)
cfn=(20)
calls=1 0 
* 2
* 1
-4 5
-9 6
68 179
+3 43
+3 43
-3 43
+3 172
-2 86
+2 1014
+1 507
-1 2028
+4 86
+5 215
297 86
fi=(9) /build/glibc-Stc26X/glibc-2.28/elf/dl-tunables.h
121 86
-1 70
+1 20
-1 8
+1 32
-1 40
fe=(8)
330 344
-12 5547
fi=(9)
120 1548
+1 1594
-1 54
fe=(8)
312 4214
68 129
364 6

fl=(54)
fn=(192)
362 3
+2 1
-2 5
+4 2
+2 28
cfn=(194) _dl_check_map_versions
calls=4 171 
* 3174
* 4
-2 4
+2 16
-2 8
+5 7

fn=(194)
171 4
cfi=(1)
cfn=(38)
calls=4 0 
* 8
* 4
-15 20
+15 20
+2 4
+3 4
-3 4
+2 4
+1 4
-1 4
+1 4
-1 4
+3 8
+3 4
-16 2
-8 2
+24 6
+4 2
+33 2
-37 2
+37 2
-33 6
+16 4
37 2
201 2
37 10
+1 5
-1 10
+2 28
cfi=(35)
cfn=(130)
calls=7 282 
* 521
* 21
209 6
+5 2
66 2
214 8
66 8
222 2
-4 6
+4 2
-4 12
+4 3
-4 9
+4 3
-4 28
57 2
+8 2
-8 4
+8 6
-8 3
+8 3
-8 6
+8 9
+6 15
+16 5
+1 10
+2 5
+5 35
+14 42
+12 48
+4 16
-30 32
225 30
+3 15
+5 3
-11 3
114 35
cfi=(21)
cfn=(68)
calls=5 -84 
* 412
* 25
237 8
+14 6
+3 10
+3 12
+3 8
+4 2
-7 8
+3 6
+4 42
-7 168
+3 128
+8 9
+89 14
251 2
-86 2
-8 2
+94 5
+23 21
cfi=(19)
cfn=(54)
calls=3 92 
* 159
* 3
* 3
-1 3
+2 3
-2 3
+5 3
-3 6
+10 3
+3 12
+2 9
+3 10
+4 8
+18 3
-15 3
+2 12
-2 2
+2 8
+2 5
+1 5
-1 10
+1 10
+1 5
-2 5
+3 5
-1 10
+1 15
+3 17
+8 6
+10 9
+3 10
+20 44
-14 92
+4 44
-6 44
+7 220
+1 44
+1 44
-1 88
+4 138
+10 14

fl=(77)
fn=(310)
36 1
+2 1
+2 1
+2 1
+1 1
+1 1
cfi=(78) /build/glibc-Stc26X/glibc-2.28/elf/dl-runtime.c
cfn=(312) _dl_fixup
calls=1 +22 
* 965
+1 1
+2 1
+1 1
+1 1
+1 1

fl=(34) /build/glibc-Stc26X/glibc-2.28/setjmp/../sysdeps/i386/setjmp.S
fn=(124) __sigsetjmp
36 3
+3 3
+1 3
+1 3
+1 3
+4 3
+1 3
+5 3
+1 3
+19 3
+1 3

fl=(31)
fn=(178)
51 1
cfi=(1)
cfn=(28)
calls=1 -51 
* 2
* 1
-3 5
+3 4
+48 1
+4 6

fn=(202) allocate_dtv
278 5
cfi=(17)
cfn=(50)
calls=1 80 
* 2
* 1
+8 2
-1 2
+1 3
cfi=(19)
cfn=(54)
calls=1 92 
* 53
* 1
+1 3
+3 1
+6 3
+6 4

fn=(104)
113 1
cfi=(1)
cfn=(20)
calls=1 0 
* 2
* 3
+1 2

fn=(230)
887 5
cfi=(17)
cfn=(50)
calls=1 80 
* 2
* 2
+6 2
+3 1
+1 1
+4 5
+41 2
+1 1
-1 1
+2 6

fn=(232)
437 5
cfi=(17)
cfn=(50)
calls=1 80 
* 2
* 2
+1 3
+4 4
+6 3
+12 1
-15 1
-1 1
+16 4
+5 9
+9 2
+1 2
+6 4
+1 3
+2 1
-2 1
+2 4
+1 1
+3 2
-1 2
+4 2
+1 4
+2 2
+1 1
+12 2
-12 2
+9 2
+3 4
cfi=(27)
cfn=(84)
calls=1 40 
* 16
* 5
cfi=(43)
cfn=(150)
calls=1 45 
* 38
* 2
-42 7
+6 4
+50 3
+3 7

fn=(200)
332 5
cfi=(17)
cfn=(50)
calls=1 80 
* 2
* 2
+2 1
+11 1
+1 3
cfi=(19)
cfn=(58)
calls=1 49 
* 29
* 1
+1 4
+8 4
+1 1
+4 313
+19 1
+2 2
cfn=(202)
calls=1 278 
* 80
+1 2
+3 6

fn=(198)
141 1
cfi=(1)
cfn=(20)
calls=1 0 
* 2
* 1
-6 6
+6 4
+3 4
+36 4
+2 3
-2 1
-2 1
-40 1
-1 1
-1 2
+69 2
+3 1
-3 6
+3 2
-1 2
+10 1
-12 1
-25 6
+5 1
-1 1
+5 2
-5 1
+1 1
-1 1
+3 4
+2 4
+12 7
+19 2
+1 1
+51 1
-52 1
+52 1
+1 6

fl=(53) /build/glibc-Stc26X/glibc-2.28/elf/dl-sort-maps.c
fn=(186) _dl_sort_maps
30 1
cfi=(1)
cfn=(20)
calls=1 -30 
* 2
* 1
-2 8
+2 1
-2 1
+2 2
+5 2
-1 6
+1 1
-1 1
+1 4
cfi=(43)
cfn=(150)
calls=1 +10 
* 22
* 3
-2 5
+6 7
+1 3
+2 1
-2 1
-1 1
+1 1
+2 1
-3 14
+1 6
+2 2
-2 2
-1 2
+1 2
+2 2
+11 6
+1 8
+2 4
+1 4
-1 2
+1 2
+33 6
+21 6
-57 6
+61 15
-56 9
+1 6
+58 20
cfi=(43)
cfn=(150)
calls=2 -73 
* 51
* 10
-3 1
+7 6

fl=(32)
fn=(110)
33 1
+1 1
+7 1
+2 1
+2 1
+2 1
+2 1
+2 1
+2 1
+2 1
+2 1
+2 1
+2 1
+2 1
+2 1
+2 1
+2 1
+2 1
+2 1
+2 1
+2 1
+2 1
+2 1
+2 1
+2 1
+2 1
+2 1
+2 1
+2 1
+2 1
+2 1
+2 1
+2 1
+2 1
+2 1
+2 1
+2 1
+2 1
+2 1
+2 1
+2 1
+2 1
+2 1
+2 1
+2 1
+2 1
+2 1
+2 1
+2 1
+2 1
+2 1
+2 1
+2 1
+2 1
+2 1
+2 1
+2 1
+2 1
+2 1
+2 1
+2 1
+2 1
+2 1
+2 1
+2 1
+2 1
+2 1
+10 1
+1 1
+1 1
+1 1
+2 1
+1 1
+1 1
+1 1
+2 1
+1 1
+1 1
+9 1
+11 1
+2 1
+1 1
+1 1
-4 15
+2 15
+1 15
+1 15
+2 15
+1 15
+1 15
+2 15
+1 15
+1 15
+2 15
+1 15
+1 15
+6 1
+2 1
+3 1

fl=(43)
fn=(150)
45 6
+1 6
+2 6
+1 6
+4 6
+2 6
+1 6
+2 6
+1 6
+1 1
+1 1
+1 1
+1 1
+1 1
+1 1
+1 1
+1 1
+1 1
+3 6
+1 6
+1 6
+2 6
+2 94
+2 6
+1 12
+5 6
+2 6
+4 6

fl=(48)
fn=(176) _dl_cache_libcmp
141 80
+1 55
+2 196
+2 49
-2 49
+20 96
+2 96
+4 39
+1 39
-29 195
+32 2
+1 6
-29 2
+7 1
+1 1
-2 1
+1 1
-1 1
+2 1
-1 1
+1 1
-2 1
+2 1
+2 1
-3 1
+3 4
+2 2
+17 9
-8 9
+8 45

fn=(166)
195 1
cfi=(1)
cfn=(20)
calls=1 0 
* 2
* 1
-8 7
+8 2
+3 4
+51 6
+9 1
+2 2
-2 1
fi=(49) /build/glibc-Stc26X/glibc-2.28/elf/../sysdeps/x86/dl-procinfo.h
39 2
+3 5
cfi=(21)
cfn=(68)
calls=1 -12 
* 16
* 8
cfi=(21)
cfn=(68)
calls=1 -12 
* 39
* 10
fe=(48)
264 6
cfi=(8)
cfn=(36)
calls=1 370 
* 30
* 1
fi=(26) /build/glibc-Stc26X/glibc-2.28/elf/../sysdeps/unix/sysv/linux/not-errno.h
28 2
fe=(48)
264 2
fi=(26)
28 1
fe=(48)
264 1
fi=(26)
28 3
fe=(48)
287 2
-15 1
+15 1
-15 3
+15 131
cfn=(176)
calls=9 141 
* 887
* 50
+31 2
-31 19
cfn=(176)
calls=1 141 
* 98
* 12
-15 2
+15 1
-14 3
+14 18
-15 2
+15 1
-15 1
+15 19
+16 3
+4 3
+8 4
cfi=(13)
cfn=(40)
calls=1 43 
* 87
* 1
+1 1
-1 5
+1 1
-1 1
+1 4
cfi=(20)
cfn=(60)
calls=1 40 
* 28
+1 2
cfi=(29)
cfn=(96)
calls=1 40 
* 177
* 1
+1 6
-31 9
-86 8
cfi=(35)
cfn=(168)
calls=1 44 
* 126
+8 1
-8 1
+8 5
+1 8
+4 2
+3 3
+3 1
+1 1
-1 1
+1 2
+1 7
cfi=(17)
cfn=(170)
calls=1 46 
* 43
* 3

fn=(236)
327 2
cfi=(17)
cfn=(50)
calls=1 80 
* 2
* 2
+1 4
+2 4
cfi=(50)
cfn=(238) munmap
calls=1 78 
* 9
+1 2
+2 3

fl=(15)
fn=(46)
28 3
+1 3
+3 10
+13 41
-13 123
+2 86
+1 14
+5 2
-3 2
+3 2
+2 2
+7 1

fl=(46)
fn=(160) openaux
61 6
+7 2
-3 2
-1 4
+1 2
-1 18
cfi=(24)
cfn=(128)
calls=2 2157 
* 7950
* 2
+5 6

fn=(158)
159 4
cfi=(1)
cfn=(4)
calls=1 0 
* 2
* 4
+1 1
-8 1
+8 4
-15 1
+15 2
-15 1
+1 2
+6 1
+8 1
-8 1
-8 1
+8 4
+24 11
+1 1
-33 1
+1 1
+1 2
-1 1
+7 4
+24 11
+4 1
+20 1
fi=(51) /build/glibc-Stc26X/glibc-2.28/elf/../include/scratch_buffer.h
78 1
fe=(46)
180 1
fi=(51)
77 3
fe=(46)
198 1
+2 1
-2 1
303 2
-94 2
+4 5
-4 6
+4 15
+11 22
-18 2
+18 6
433 12
+2 2
+3 2
-3 2
+3 2
-3 2
+3 2
-3 2
+3 4
cfi=(19)
cfn=(58)
calls=2 49 
* 58
* 2
+1 2
-1 2
+1 4
+6 2
+1 4
-1 2
+1 16
cfi=(20)
cfn=(60)
calls=2 40 
* 55
+1 18
cfi=(20)
cfn=(60)
calls=2 40 
* 55
+3 2
+1 4
-1 2
+5 28
226 4
+6 2
-6 4
+5 2
+2 4
+1 4
+3 10
-31 2
+31 4
+66 6
-55 2
-2 2
+2 12
cfi=(33)
cfn=(122) _dl_catch_exception
calls=2 -61 
* 8092
* 2
+1 8
+9 2
+2 4
+5 2
+6 2
+2 2
-8 4
+3 2
+1 2
+1 2
+1 2
+4 10
+4 6
+1 4
-43 250
+1 100
+6 12
cfi=(24)
cfn=(92)
calls=2 -13 
* 244
* 12
+38 144
fi=(51)
85 3
fe=(46)
464 6
+4 5
+11 6
cfi=(19)
cfn=(58)
calls=1 49 
* 29
* 1
+2 1
-2 1
+2 2
+5 2
+3 2
-3 3
+3 1
-3 1
+1 1
+2 2
+2 12
+4 16
+4 4
-10 13
+13 2
+51 4
+2 5
+35 7
cfi=(20)
cfn=(60)
calls=1 40 
* 30
+4 8
cfi=(53)
cfn=(186)
calls=1 30 
* 267
+3 2
+2 1
+2 1
-1 1
+1 1
-2 1
+2 2
+7 3
+3 3
+3 6
458 9
-1 4
+1 8
199 2
465 2
214 33
fi=(51)
-83 14
cfi=(52)
cfn=(184)
calls=2 30 
* 54
fe=(46)
+86 6
+4 6
554 2
380 6

fl=(78)
fn=(312)
66 3
cfi=(1)
cfn=(4)
calls=1 -66 
* 2
* 4
+3 1
-1 1
+1 1
+3 3
-3 1
+3 1
+1 1
+2 1
-2 5
+2 1
-2 1
+2 1
+5 3
+4 2
+4 3
+4 2
+1 3
-7 4
+16 1
-1 1
+1 2
+10 12
cfi=(6)
cfn=(212) _dl_lookup_symbol_x
calls=1 792 
* 875
* 1
+4 4
+10 9
+15 1
-8 1
+8 3
+4 4
fi=(5)
267 1
fe=(78)
149 6

fl=(36)
fn=(134)
34 38
cfi=(1)
cfn=(4)
calls=19 -34 
* 38
* 76
+3 133
+8 133
+2 76
-2 64

fl=(47)
fn=(164)
35 8
cfi=(1)
cfn=(28)
calls=8 -35 
* 16
* 8
-2 8
+2 48
+6 2
-6 7
+6 7
-6 14
+6 7

fl=(37)
fn=(136)
25 2
+1 4
cfi=(1)
cfn=(16)
calls=2 -26 
* 4
* 2
-1 2
+1 12
+1 6

fl=(39)
fn=(142)
35 3
cfi=(1)
cfn=(28)
calls=3 -35 
* 6
* 3
-2 3
+2 18
+6 6

fl=(33)
fn=(122)
187 3
cfi=(1)
cfn=(28)
calls=3 0 
* 6
* 3
-12 6
+12 6
+1 6
+2 9
+1 3
+3 6
-3 3
+3 9
cfi=(34)
cfn=(124)
calls=3 36 
* 33
* 9
+2 12
cfi=(46)
cfn=(160)
calls=2 61 
* 7992
cfi=(2)
cfn=(126)
calls=1 589 
* 3365
+1 6
-1 3
+1 3
+1 12
+9 12

fn=(188)
226 3
+6 2
cfi=(17)
cfn=(50)
calls=1 80 
* 2
* 1
+2 2
-7 1
+1 1
+3 1
+1 1
+2 1
cfi=(2)
cfn=(190)
calls=1 623 
* 3269
+4 1
-2 1
+1 1
+1 4

fn=(118)
213 2
cfi=(17)
cfn=(50)
calls=1 80 
* 2
* 2
+2 5
cfn=(122)
calls=1 -28 
* 3415
* 1
+1 3
+1 2
+1 1
-1 1
+1 2
+2 3

fl=(13)
fn=(40)
43 16
+1 16
+2 16
+2 16
+1 6
+2 4
+1 4
+2 3
+1 3
+2 3
+2 3
+1 3
+2 3
+2 4
+1 4
+2 4
+1 4
+26 4
+1 4
+2 4
+1 4
+2 4
+1 4
-7 24
+1 24
+2 24
+1 24
+2 24
+1 24
+2 26
+2 26
+2 26
+3 24
+1 24
+2 24
+1 24
+2 24
+1 24
+2 23
+2 23
+2 23
+3 21
+1 21
+2 21
+1 21
+2 21
+1 21
+2 20
+2 20
+2 20
+3 20
+1 20
+2 20
+1 20
+2 20
+1 20
+2 15
+2 15
+2 15
+3 15
+1 15
+2 15
+1 15
+2 11
+1 11
+2 11
+2 7
+1 7
+2 7
+1 7
+2 2
+2 2
+3 2
-3 14
+3 14

fl=(27)
fn=(84)
40 44
+1 44
+2 44
+1 44
+2 44
+1 44
+1 44
+1 44
+1 13
+1 13
+1 13
-1 31
+1 31
+1 27
+1 133
+2 44
+2 44
+3 44

fl=(16)
fn=(62)
31 15
cfi=(17)
cfn=(50)
calls=3 +49 
* 6
* 12
+2 9
cfi=(2)
cfn=(64)
calls=3 784 
* 9
+2 22
+3 15
+2 2
+2 2
+4 2
+1 2
-1 2
+1 6
+1 6
+2 2
-2 2
+2 2
+1 10
-1 2
cfi=(2)
cfn=(66)
calls=2 790 
* 6
-4 1
+1 1
-1 1
+1 3
+1 3
+2 1
-2 1
+2 1
+1 5
-1 1
cfi=(2)
cfn=(66)
calls=1 790 
* 3
-5 2

fn=(48)
59 15
cfi=(17)
cfn=(50)
calls=3 +21 
* 6
* 9
+1 6
cfi=(13)
cfn=(40)
calls=3 -17 
* 208
* 12
+6 3
-6 3
+6 3
+7 3
-7 12
+7 3
-5 3
+5 12
cfi=(19)
cfn=(54)
calls=3 +19 
* 216
* 3
+3 3
-3 3
+3 6
+4 3
-1 3
+6 3
-5 6
+4 3
+1 3
-1 3
+1 15
cfi=(20)
cfn=(60)
calls=3 -45 
* 86
* 3
+10 6
-10 3
+2 3
+8 15
+1 3
-1 3
+1 15
+3 6
+6 3
-4 3
+4 3
+3 10
+2 1
-2 3
+2 15
-2 45
+18 3
-6 3
+1 3
-1 3
+6 9
+2 6
+3 4
+4 6
+4 4
+2 1
+6 1
+3 1
+3 2
-3 1
+3 1
-3 2
+3 4
-3 2
+3 2
+2 6
cfi=(13)
cfn=(40)
calls=2 43 
* 233
* 2
+4 2
+17 2
-21 6
+17 2
-13 4
+64 2
+4 21
100 8
+39 6
+66 2
+4 10
cfi=(27)
cfn=(84)
calls=2 40 
* 52
* 44
+6 38
-1 38
+1 40
-1 2
+1 2
+2 4
+3 4
-96 1
+7 4
+32 6
cfi=(19)
cfn=(58)
calls=2 49 
* 58
* 2
+1 2
-1 2
+1 8

fl=(28)
fn=(94)
45 7
+2 7
+3 7
+2 7
+3 7
+1 7
+2 7
+2 7
+6 7
+1 7
+2 7
+1 7
+2 7
+1 7
+2 7
+2 4
+1 4
+2 2
+1 2
+2 2
+1 2
+2 2
+1 2
+2 2
+1 2
+2 2
+1 2
+2 2
+1 2
+2 2
+2 4
+2 4
+1 4
+2 4
+1 4
+2 4
+10 4
+1 4
+2 4
+1 4
+25 4
+1 4
+2 4
+1 4
-33 3
+1 3
+2 3
+1 3
+25 3
+1 3
+2 3
+1 3
-4 3
+1 3
+2 3
+1 3
+2 10
+1 10
+2 10
+1 10
+2 9
+1 9
+2 9
+1 9
+2 9
+1 9
+2 9
+1 9
+2 9
+1 9
+2 9
+1 9
+2 8
+1 8
+2 8
+1 8
+2 8
+1 8
+2 8
+1 8
+2 6
+1 6
+2 6
+1 6
+2 6
+1 6
+2 6
+1 6
+2 6
+1 6
+2 6
+1 6
+2 6
+1 6
+2 6
+1 6
+2 6
+1 6
+2 6
+1 6
+2 6
+1 6
+2 6
+1 6
+2 6
+1 6
+2 6
+1 6
+2 6
+1 6
+2 6
+1 6
+2 6
+1 6
+2 6
+1 6
+2 5
+1 5
+2 5
+1 5
+2 3
+1 3
+2 3
+1 3
+2 3
+1 3
+2 3
+1 3
+2 3
+1 3
+2 3
+2 3
+4 1
+1 1
+2 1
+15 7
+3 7
+4 7
+3 7
+4 7
+9 6
+1 6
+2 6
+2 6
+1 6
+2 4
+2 4
+1 4
+2 4
+1 4
+2 3
+1 3
+2 3
+1 3
+2 3
+1 3
+8 6
+1 6

fl=(40)
fn=(144)
35 11
cfi=(1)
cfn=(20)
calls=11 -35 
* 22
* 143
+3 22
+4 66
+6 66

fl=(11) /build/glibc-Stc26X/glibc-2.28/elf/../sysdeps/unix/sysv/linux/i386/brk.c
fn=(26) brk
38 1
cfi=(1)
cfn=(28)
calls=1 -38 
* 2
* 2
+2 1
-2 1
+2 1
+1 1
+1 2
+3 3

fl=(14) /build/glibc-Stc26X/glibc-2.28/elf/../misc/sbrk.c
fn=(42) sbrk
32 3
cfi=(1)
cfn=(16)
calls=1 -32 
* 2
* 3
+8 6
+4 2
+16 5

fl=(45)
fn=(156)
27 1
cfi=(1)
cfn=(28)
calls=1 -27 
* 2
* 1
-2 1
+2 7
+4 1
-4 2
+4 1

fl=(21)
fn=(68)
30 181
+1 181
+2 181
+1 181
+1 181
-2 1114
+1 1114
+1 1114
+1 1224
+1 1224
+1 1224
+1 1224
+2 110
+3 110
+2 71
+1 71
+1 71
+2 71

fl=(12) /build/glibc-Stc26X/glibc-2.28/elf/../sysdeps/x86/cpu-features.c
fn=(32) get_common_indeces.constprop.1
60 2
cfi=(1)
cfn=(34)
calls=1 -60 
* 2
* 6
+4 4
+3 3
+4 2
-4 1
+6 1
-2 1
-4 1
+7 1
-4 1
+4 1
-3 1
+1 4
+1 4
+1 2
+1 2
+7 2
+1 7
+7 3
211 6

fl=(25)
fn=(80)
42 4
cfi=(1)
cfn=(4)
calls=1 -42 
* 2
* 2
+1 1
-1 2
+1 6
cfi=(8)
cfn=(36)
calls=1 370 
* 30
* 2
+3 1
-3 1
+2 1
-2 1
+2 2
+1 1
-1 1
+10 1
-9 1
+9 1
-9 1
+9 1
-9 1
+9 1
-9 1
+9 4
+1 7
-1 1
+2 1
-2 1
+2 1
-2 15
+10 1
-1 1
+1 4
fi=(26)
-37 5
+4 2
fe=(25)
+97 1
+22 1
-22 2
+19 6
+3 2
+34 14
+1 11
+3 4
-1 1
+1 2
cfi=(13)
cfn=(40)
calls=1 43 
* 25
+1 2
-1 2
+1 7
-5 1
+5 7
+1 1
-6 3
+8 3
+2 2
+1 2
+1 2
+3 1
+1 1
-1 2
+4 2
+3 4
+4 8
+1 2
+2 1
+1 2
+1 3
-1 2
+2 3
+7 3
+6 2
+1 1
-1 5
+1 8
cfi=(19)
cfn=(58)
calls=1 49 
* 29
* 1
+1 1
-1 1
+1 2
+31 7
+3 7
+7 1
+10 8
-4 3
-3 1
+3 3
cfi=(27)
cfn=(84)
calls=1 40 
* 16
* 3
-3 1
+3 3
cfi=(27)
cfn=(84)
calls=1 40 
* 16
+3 4
-3 4
+3 2
-3 2
+3 6
+1 10
+1 7
cfi=(27)
cfn=(84)
calls=1 40 
* 15
* 4
-2 2
+5 16
cfi=(27)
cfn=(84)
calls=2 40 
* 30
+2 2
-2 4
+2 4
+5 4
-12 4
+13 1
-1 3
+1 7
-1 23
+8 1
-3 2
+3 4
-3 4
+3 10
+1 48
+1 24
-1 24
+1 36
-1 24
-1 27
+4 10
+3 1
+2 2
-2 1
+1 1
+1 1
-1 1
+1 2
-1 1
+1 2
+3 2
+3 2
-6 2
+2 6
+3 1
+1 2
-6 7
+13 9
+1 1
-1 2
+3 2
-3 3
+1 3
-1 6
+3 6
+3 4
+3 7
148 1
+20 1
-19 2

fl=(44)
fn=(154)
26 3
cfi=(1)
cfn=(28)
calls=3 -26 
* 6
* 3
-1 3
+1 15
+1 6

fl=(50)
fn=(180)
78 45
+1 5

fn=(238)
78 8
+1 1

fl=(6)
fn=(212)
792 96
cfi=(1)
cfn=(20)
calls=96 0 
* 192
* 96
-1 480
556 192
791 96
556 384
-1 192
+2 96
-1 96
+1 288
-1 288
+1 1279
-1 1279
+1 3837
-1 3837
797 96
+4 96
-8 96
+1 192
+3 96
+4 360
+5 576
+6 192
-7 672
+15 40
-8 70
+2 1344
cfn=(214) do_lookup_x
calls=96 339 
* 39535
+3 460
+25 288
+24 688
+40 344
+14 258
+3 344
+5 258
+2 672
-86 60
+17 10
+1 10
-1 10
+1 10
+59 2

fn=(216) check_match
75 258
cfi=(1)
cfn=(4)
calls=86 -75 
* 172
* 602
+3 946
+13 430
+3 274
cfi=(21)
cfn=(68)
calls=17 -64 
* 1748
* 51
+4 172
+1 172
+2 168
+19 84
+1 84
-1 84
+1 588
+46 85
-84 85
+84 425
-18 4
+2 4
+1 2
-1 4
+1 6
-1 4
+4 2
+1 7
+2 4
+2 1
+7 6
-45 336
cfi=(21)
cfn=(68)
calls=84 -92 
* 6454
* 252

fn=(12)
937 12
cfi=(1)
cfn=(4)
calls=4 0 
* 8
* 20
+3 12
+2 4
+2 8
+2 4
-1 4
+3 12
+1 4
+1 8
+7 4
-5 4
-2 4
+3 4
+2 4
+2 8
+14 24

fn=(214)
339 384
cfi=(1)
cfn=(16)
calls=96 0 
* 192
* 768
+6 96
-6 96
+6 96
+42 96
-41 192
+41 288
-16 1208
+8 302
+4 302
-8 302
+1 302
+3 604
+1 906
+4 604
+7 302
-3 604
-2 302
+5 1208
+3 2114
271 216
541 1692
+1 76
cfi=(35)
cfn=(130)
calls=19 282 
* 966
* 76
+3 648
350 604
+3 604
+4 1208
+4 604
+4 906
+88 258
fi=(56) /build/glibc-Stc26X/glibc-2.28/elf/../sysdeps/generic/ldsodefs.h
109 258
fe=(6)
504 172
+3 652
398 267
-1 178
+2 178
+2 88
+6 352
-6 88
+6 264
+7 315
-10 950
+2 172
+1 86
-1 86
+1 86
+1 86
-1 86
+1 86
-1 860
cfn=(216)
calls=86 75 
* 13514
+4 260
548 10
+1 60
-38 36
+12 172
+1 86
+25 86
-24 86
+24 430
445 7
+4 1
-2 2
302 9
-31 340

fl=(7)
fn=(14)
88 4
cfi=(1)
cfn=(16)
calls=1 -88 
* 2
* 4
+25 1
-1 1
+1 182
+6 1
-3 1
+1 1
-4 1
+3 1
+3 13
-30 3
+30 14
-10 1
+10 4
-29 1
-1 4
+31 111
-1 117
+95 2
-33 1
+1 1
-1 1
+1 1
-29 1
+1 1
-1 1
+1 1
+11 1
+1 1
-1 1
+1 1
-7 2
+1 1
-1 2
+1 1
-4 1
+1 1
-1 1
+1 1
-25 1
+1 1
-1 1
+1 1
-4 1
+1 1
-1 1
+1 1
-7 1
+1 1
+2 2
+1 1
+97 3
cfi=(8)
cfn=(18)
calls=1 +69 
* 18209
fi=(10)
36 2
cfi=(11)
cfn=(26)
calls=1 +2 
* 14
fi=(12)
217 1
+12 1
-11 1
+14 1
-3 2
+3 6
401 3
+1 1
+3 2
+1 1
+11 1
-5 1
+5 4
-4 1
+1 1
+3 1
cfi=(8)
cfn=(36)
calls=1 -47 
* 29
+2 5
cfi=(8)
cfn=(36)
calls=1 -49 
* 29
* 1
+2 4
-2 1
+2 1
cfi=(8)
cfn=(36)
calls=1 -51 
* 29
* 1
+2 4
-2 1
+2 1
cfi=(8)
cfn=(36)
calls=1 -53 
* 29
* 1
+48 1
-1 2
-47 1
+48 2
+1 2
+2 3
+1 2
fe=(7)
236 3
cfi=(13)
cfn=(40)
calls=1 43 
* 29
* 2
+2 3
cfi=(14)
cfn=(42)
calls=1 32 
* 21
* 4
+12 3
+3 6
cfi=(2)
cfn=(44)
calls=1 871 
* 104818
+2 7
fi=(12)
-17 7
cfn=(32)
calls=1 60 
* 57
49 1
+1 1
-1 1
+1 2
+1 6
243 8
348 6
236 3
+9 5
+1 1
-1 1
+1 2
+46 2
+32 6
fe=(7)

fn=(234)
260 1

fl=(29)
fn=(96)
40 20
cfi=(17)
cfn=(50)
calls=4 +40 
* 8
* 4
+1 12
cfi=(13)
cfn=(40)
calls=4 +2 
* 316
* 4
+1 8
cfi=(19)
cfn=(58)
calls=4 +7 
* 116
* 4
+2 12
+3 20
cfi=(20)
cfn=(60)
calls=4 -7 
* 126
* 4
+1 16

fl=(55)
fn=(228) _dl_protect_relro
312 12
cfi=(17)
cfn=(50)
calls=4 80 
* 8
* 12
+1 16
+3 4
-3 8
+3 4
+4 8
+7 16
-6 24
cfi=(50)
cfn=(180)
calls=4 78 
* 40
* 12

fn=(204)
158 4
cfi=(1)
cfn=(20)
calls=4 0 
* 8
* 4
-10 32
+15 8
+1 20
+6 8
+6 24
-18 12
+22 8
+7 16
+44 12
fi=(5)
76 24
+6 3
-8 3
+8 3
-8 3
+12 9
+13 3
-25 3
+17 3
+8 6
+17 6
-2 3
+2 9
-2 3
fe=(55)
258 216
-99 4
fi=(5)
398 4
fe=(55)
159 36
fi=(5)
398 24
fi=(4)
47 4
-1 4
+1 4
+11 8
-11 4
-1 4
+1 4
+11 8
fi=(5)
410 6
+8 3
-8 3
+8 3
fi=(4)
61 15
fi=(5)
675 30
+1 10
fi=(4)
61 39
fi=(5)
670 13
-1 13
+1 13
-1 13
+3 26
+9 6
fi=(4)
61 15
fe=(55)
258 182
fi=(5)
619 36
fi=(4)
47 4
-1 4
+52 4
-51 4
+37 8
-1 8
+3 16
+12 8
-51 4
-1 4
+52 4
-51 4
+37 8
-1 8
+3 16
+12 8
+10 18
+10 32
+3 12
+3 12
fe=(55)
261 16
+27 4
-3 4
+3 8
+17 12
+1 12
cfn=(228)
calls=4 +6 
* 164
* 4
+1 24
177 12
fi=(4)
-53 16
fe=(55)
258 44
fi=(4)
86 5
-2 5
+2 5
+12 5
-15 5
+15 5
-15 5
+22 19
+6 6
+1 6
fi=(5)
648 15
fi=(4)
112 2618
fi=(5)
648 2618
fi=(4)
111 1312
fi=(5)
649 1312
fi=(4)
111 2624
+7 15
+3 4
+3 4
-3 4
+3 8
fi=(5)
474 15
fi=(4)
136 6
+3 3
-3 3
+3 3
-1 3
+1 3
-3 3
fi=(5)
302 3
fi=(4)
136 3
+2 3
-2 3
+1 9
-1 3
fi=(5)
305 6
fi=(4)
136 214
+3 107
-3 107
+3 107
-1 107
+1 107
-3 107
fi=(5)
302 107
fi=(4)
136 107
+2 107
-2 107
+1 321
-1 107
fi=(5)
305 214
+17 220
+9 440
fi=(56)
109 279
fi=(5)
331 1060
fi=(4)
138 90
fi=(5)
331 90
fi=(4)
138 90
fi=(5)
331 90
fi=(4)
138 90
fi=(5)
331 1710
cfi=(6)
cfn=(212)
calls=90 792 
* 55976
* 540
+1 186
+24 30
fi=(4)
124 20
fe=(55)
258 8
fi=(4)
124 4
fe=(55)
258 26
fi=(5)
+73 34
+1 172
+3 104
-3 208
+3 208
+21 520
-24 6
+34 6
fi=(4)
124 6
fi=(5)
366 6
fi=(4)
124 18
fi=(5)
366 78
fi=(4)
124 78
fi=(5)
366 78
fi=(4)
124 237
fi=(5)
457 9
fi=(4)
124 9
fi=(5)
457 9
fi=(4)
124 44
fi=(5)
447 34
+2 68
+1 34
fi=(4)
124 17
fi=(5)
450 17
fi=(4)
124 17
fi=(5)
450 17
fi=(4)
124 34
fi=(5)
331 521
+1 435
-1 166
fi=(4)
111 12
fi=(5)
619 6
fi=(4)
160 4
fi=(5)
331 141
+66 16
+77 1
fi=(4)
160 1
fi=(5)
474 2
fi=(4)
160 5
+11 3
-1 2
fi=(5)
302 1
fi=(4)
170 4
fi=(5)
305 2
fi=(4)
171 12
-1 8
fi=(5)
302 4
fi=(4)
170 16
fi=(5)
305 8
+17 10
+9 20
fi=(56)
109 15
fi=(5)
331 135
cfi=(6)
cfn=(212)
calls=5 792 
* 2656
* 30
+1 10
+24 20
+24 5
fi=(4)
160 5
fi=(5)
380 5
fi=(4)
160 11
fi=(5)
332 4
+34 4
-34 1
+3 1
-3 2
+3 2
+21 6
-25 30
+1 5
-1 10
fe=(55)
-73 71
fi=(5)
728 6
fe=(55)
258 3
fi=(5)
731 3
-1 6
+1 9
+1 3
cob=(3)
cfi=(60) /build/glibc-Stc26X/glibc-2.28/wcsmbs/../sysdeps/i386/i686/multiarch/ifunc-sse2.h
cfn=(226) wcslen
calls=1 30 
* 12
cob=(3)
cfi=(59) /build/glibc-Stc26X/glibc-2.28/string/../sysdeps/i386/i686/multiarch/ifunc-sse2-bsf.h
cfn=(224) memrchr
calls=1 31 
* 13
cob=(3)
cfi=(57) /build/glibc-Stc26X/glibc-2.28/string/../sysdeps/i386/i686/multiarch/ifunc-ssse3-sse4_2.h
cfn=(220) strncasecmp
calls=1 32 
* 14
* 3
+1 6
fe=(55)

ob=(3)
fl=(58) /build/glibc-Stc26X/glibc-2.28/math/../sysdeps/i386/fpu/s_frexpl.S
fn=(222) 0x0013816d
61 12

fl=(63)
fn=(268)
52 5
cfi=(64) /build/glibc-Stc26X/glibc-2.28/string/../sysdeps/i386/i686/multiarch/memset-sse2.S
cfn=(270) 0x00138165
calls=1 +56 
* 2
* 4
+3 3
+12 1
+1 1
fi=(65) /build/glibc-Stc26X/glibc-2.28/csu/../sysdeps/i386/i686/dl-hash.h
-32 1
fi=(66) /build/glibc-Stc26X/glibc-2.28/csu/../sysdeps/unix/sysv/linux/i386/init-first.c
+2 1
fe=(63)
+29 1
+2 1
fi=(66)
-31 1
fe=(63)
+31 1
fi=(66)
-31 2
fi=(65)
-2 67
fi=(66)
+2 3
+2 6
cfi=(67) /build/glibc-Stc26X/glibc-2.28/elf/../sysdeps/unix/sysv/linux/dl-vdso.c
cfn=(276) _dl_vdso_vsym
calls=1 -15 
* 24
+1 1
+1 1
fe=(63)
+39 1
fi=(66)
-39 1
fe=(63)
+39 1
fi=(66)
-39 1
fe=(63)
+39 1
fi=(66)
-38 2
+1 1
fe=(63)
+37 1
cfi=(69) /build/glibc-Stc26X/glibc-2.28/misc/init-misc.c
cfn=(280) __init_misc
calls=1 -51 
* 89
+3 1
cfi=(71) /build/glibc-Stc26X/glibc-2.28/ctype/ctype-info.c
cfn=(286) __ctype_init
calls=1 -53 
* 22
+5 6
-27 2
-7 1
+7 3

fl=(59)
fn=(224)
31 1
cfi=(58)
cfn=(222)
calls=1 +30 
* 2
* 5
+2 4
fi=(85) /build/glibc-Stc26X/glibc-2.28/string/../sysdeps/i386/i686/multiarch/memrchr.c
-4 1
fe=(59)

fl=(81) /build/glibc-Stc26X/glibc-2.28/setjmp/../sysdeps/i386/bsd-_setjmp.S
fn=(344) _setjmp
39 1
+1 1
+3 1
+1 1
+1 1
+1 1
+2 2
+2 1
+1 1
+3 2
+2 1
+1 1
+2 1
+16 1

fl=(73)
fn=(290)
78 1
cfi=(68) ???
cfn=(278) 0x00138169
calls=1 -78 
* 2
* 5

fl=(60)
fn=(226)
30 1
cfi=(58)
cfn=(222)
calls=1 +31 
* 2
* 1
fi=(86) /build/glibc-Stc26X/glibc-2.28/wcsmbs/../sysdeps/i386/i686/multiarch/wcslen.c
-1 1
fe=(60)
+1 4
fi=(86)
-1 1
fe=(60)
+1 1
fi=(86)
-1 1
fe=(60)

fl=(80) /build/glibc-Stc26X/glibc-2.28/stdlib/cxa_atexit.c
fn=(320) __internal_atexit
36 1
cfi=(68)
cfn=(278)
calls=1 -36 
* 2
* 2
+3 1
-3 1
+3 6
+1 2
cfn=(322) __new_exitfn
calls=1 +38 
* 38
+2 3
+7 1
+5 1
-5 2
+2 1
+1 2
+1 2
+2 4
+1 1
+1 3

fn=(318) __cxa_atexit
66 1
cfi=(68)
cfn=(278)
calls=1 -66 
* 2
* 1
-1 1
+1 6
cfn=(320)
calls=1 -30 
* 73
+1 2

fn=(322)
78 5
cfi=(64)
cfn=(270)
calls=1 +30 
* 2
* 2
+6 2
+5 5
-10 2
+12 3
-2 1
+10 2
-10 2
+45 1
+1 2
+4 6
-19 1
+1 2

fl=(70) /build/glibc-Stc26X/glibc-2.28/string/../sysdeps/i386/strrchr.S
fn=(284) __GI_strrchr
33 1
+3 1
+3 1
+1 1
+2 1
+6 1
+1 1
+1 1
+1 1
+13 1
+1 1
+1 1
+1 1
+1 1
+2 1
+1 1
+1 1
+2 1
+1 1
+79 1
+1 1
+1 1
+1 1
+1 1
+8 1
+1 1
+1 1
+3 1
+2 1
+1 1
+1 1
+11 1
-13 1
+1 1
+1 1
+11 1
+4 2
+3 2
+1 2
+4 2
+6 1
+2 1
+1 1
+3 1
+1 1
+1 1
+1 1
+2 1
+85 1
+1 1
+2 1
+1 1
+19 1
+3 1
+4 1

fl=(64)
fn=(270)
108 28

fl=(79)
fn=(316)
141 1
cfi=(68)
cfn=(278)
calls=1 0 
* 2
* 1
-4 7
+4 2
-4 1
+4 4
+96 2
+1 5
cfi=(80)
cfn=(318)
calls=1 66 
* 86
* 1
+22 5
+3 2
+1 7
cob=(5)
cfi=(76)
cfn=(324)
calls=1 0 
* 65
* 1
+4 5
+15 2
+12 4
cfi=(81)
cfn=(344)
calls=1 39 
* 16
* 1
+1 2
+5 2
+1 2
+3 2
+3 7
cob=(5)
cfi=(82)
cfn=(346)
calls=1 4 
* 4103

fl=(74)
fn=(294) handle_intel.constprop.1
259 3
cfi=(58)
cfn=(222)
calls=3 61 
* 6
* 30
+2 3
+3 3
-3 3
+3 3
+8 6
+1 6
+20 3
-20 3
-3 3
+5 6
+6 6
+5 3
-5 9
+5 3
+2 3
+1 3
-1 3
+5 27
cfn=(296) intel_check_word.isra.0
calls=3 128 
* 1068
+2 9
+3 27
cfn=(296)
calls=3 128 
* 810
+2 9
+3 24
cfn=(296)
calls=3 128 
* 96
+2 9
+3 24
cfn=(296)
calls=3 128 
* 759
+2 9
-35 4
+39 4
+5 27
-4 3

fn=(296)
128 60
cfi=(64)
cfn=(270)
calls=12 -20 
* 24
* 60
+4 24
+6 108
+2 94
+2 60
+2 60
+8 60
+51 66
+8 3
+14 60
fi=(75) /build/glibc-Stc26X/glibc-2.28/string/../bits/stdlib-bsearch.h
28 30
-1 90
+8 126
-6 378
+2 392
+1 196
fe=(74)
+87 392
+3 189
fi=(75)
-85 126
fe=(74)
230 21
+14 10
+1 2
140 2
245 2
140 2
-6 10
255 72
-44 2
+21 4
+2 4
+2 4

fn=(292)
488 3
cfi=(68)
cfn=(282) 0x0013817d
calls=1 0 
* 2
* 4
+14 8
758 3
+2 1
+1 1
-1 2
+3 2
+1 1
+1 1
-1 2
+4 3
+3 2
+2 1
+1 1
-1 2
+3 2
+1 1
+1 1
-1 2
+9 1
+2 5
-2 1
+3 6
500 2
+4 2
cfn=(294)
calls=1 259 
* 1071
* 1
+2 2
cfn=(294)
calls=1 259 
* 860
* 1
+5 2
cfn=(294)
calls=1 259 
* 1086
* 1
+8 2
+16 3
+4 2
+8 8
+3 3
+6 2
-6 6
+6 4
+3 19
+27 6
-39 4
-24 1
+2 1
-3 2
691 4
+1 4
+4 2
+59 2
592 3
-28 3
+4 1
+1 1
-1 1
+1 1
-1 1
+1 1
+82 4
+1 3
+2 2
+2 1
541 1
+1 1
656 2
+2 1
+1 2

fl=(67)
fn=(276)
25 1
cfi=(68)
cfn=(278)
calls=1 -25 
* 2
* 9
+1 2
+4 2
+18 8

fl=(69)
fn=(280)
30 2
cfi=(68)
cfn=(282)
calls=1 -30 
* 2
* 4
+1 5
+2 4
cfi=(70)
cfn=(284)
calls=1 * 
* 59
* 1
+4 5
+1 3
+2 4

fl=(72)
fn=(288)
84 1
cfi=(68)
cfn=(278)
calls=1 -84 
* 2
* 5
+1 3
+1 3
+2 1

fl=(57)
fn=(220)
32 1
cfi=(58)
cfn=(222)
calls=1 +29 
* 2
* 6
+3 4
fi=(87) /build/glibc-Stc26X/glibc-2.28/string/../sysdeps/i386/i686/multiarch/strncase.c
-4 1
fe=(57)

fl=(68)
fn=(278)
0 14

fn=(282)
0 4

fl=(71)
fn=(286)
31 1
cfi=(68)
cfn=(278)
calls=1 -31 
* 2
* 1
-2 1
+2 7
+2 4
+2 4
+1 2

ob=(2)
fl=(18)
fn=(98)
0 4
cob=(1)
cfi=(19)
cfn=(100)
calls=4 109 
0 56

fn=(328)
0 3
cob=(5)
cfi=(76)
cfn=(326)
calls=1 0 
0 2
0 7

fn=(250)
0 3
cob=(4)
cfi=(62)
cfn=(252)
calls=1 0 
0 2
0 7

totals: 134122
